% 186 vertices in left set, 1059 vertices in right set, 3368 edges in total (some vertices have degree zero)
% each line denotes an edge between a vertex in the left set (first number) and a vertex in the right set (second number) 
1 1
1 78
1 79
2 1
2 2
2 13
2 24
2 28
2 29
2 31
2 32
2 34
2 35
2 46
2 56
2 57
2 58
2 59
2 60
2 65
2 68
2 76
2 80
2 81
2 82
2 85
2 90
2 91
2 92
2 104
2 113
2 125
2 126
2 127
2 128
2 129
2 130
2 132
2 133
2 134
2 135
2 136
2 137
2 138
2 139
2 140
2 142
2 143
2 144
2 145
2 146
2 147
2 148
2 149
2 150
2 151
2 152
2 153
2 154
2 155
2 156
2 157
2 158
2 159
2 160
2 161
2 162
2 163
2 164
2 165
2 166
2 167
2 169
2 170
2 171
2 175
2 215
2 224
2 229
2 230
2 235
2 236
2 237
2 238
2 239
2 240
2 241
2 242
2 243
2 244
2 245
2 246
2 247
2 248
2 249
2 250
2 253
2 254
2 255
2 256
2 257
2 258
2 259
2 260
2 261
2 262
2 263
2 264
2 265
2 266
2 267
2 268
2 269
2 270
2 271
2 272
2 273
2 274
2 275
2 276
2 277
2 278
2 279
2 280
2 281
2 282
2 283
2 284
2 285
2 286
2 287
2 288
2 289
2 290
2 292
2 293
2 294
2 295
2 296
2 297
2 298
2 299
2 300
2 301
2 302
2 303
2 304
2 305
2 306
2 307
2 308
2 309
2 310
2 311
2 312
2 313
2 314
2 315
2 316
2 317
2 318
2 320
2 321
2 322
2 323
2 324
2 325
2 326
2 327
2 328
2 329
2 334
2 335
2 336
2 337
2 338
2 348
2 349
2 350
2 351
2 352
2 356
2 357
2 358
2 359
2 360
2 361
2 369
2 370
2 371
2 372
2 373
2 374
2 375
2 377
2 378
2 379
2 380
2 381
2 382
2 383
2 384
2 388
2 389
2 390
2 391
2 392
2 393
2 394
2 395
2 406
2 407
2 408
2 409
2 410
2 411
2 412
2 413
2 414
2 415
2 416
2 422
2 423
2 424
2 425
2 426
2 428
2 429
2 430
2 431
2 432
2 433
2 434
2 435
2 436
2 437
2 438
2 443
2 444
2 445
2 447
2 448
2 449
2 450
2 451
2 452
2 453
2 454
2 455
2 456
2 457
2 458
2 459
2 460
2 461
2 462
2 463
2 464
2 468
2 469
2 471
2 472
2 473
2 474
2 475
2 476
2 477
2 478
2 479
2 480
2 481
2 482
2 483
2 488
2 489
2 490
2 491
2 492
2 493
2 494
2 495
2 496
2 497
2 498
2 499
2 500
2 501
2 502
2 503
2 504
2 506
2 507
2 508
2 509
2 510
2 511
2 516
2 517
2 518
2 519
2 520
2 521
2 522
2 523
2 524
2 525
2 526
2 527
2 528
2 529
2 534
2 549
2 550
2 551
2 552
2 553
2 554
2 559
2 560
2 561
2 562
2 563
2 564
2 565
2 566
2 567
2 568
2 571
2 576
2 577
2 578
2 579
2 580
2 581
2 588
2 589
2 590
2 591
2 592
2 593
2 594
2 595
2 596
2 597
2 598
2 599
2 600
2 601
2 606
2 607
2 608
2 609
2 610
2 611
2 612
2 613
2 614
2 615
2 619
2 620
2 621
2 652
2 653
2 654
2 655
2 656
2 657
2 658
2 659
2 666
2 667
2 668
2 669
2 670
2 671
2 672
2 673
2 684
2 685
2 686
2 687
2 688
2 689
2 690
2 691
2 692
2 693
2 696
2 697
2 698
2 699
2 700
2 701
2 702
2 703
2 704
2 705
2 725
2 726
2 727
2 728
2 729
2 745
2 746
2 747
2 748
2 749
2 750
2 751
2 752
2 753
2 754
2 755
2 756
2 757
2 758
2 765
2 766
2 767
2 768
2 769
2 770
2 771
2 778
2 779
2 780
2 781
2 782
2 783
2 784
2 785
2 786
2 787
2 788
2 789
2 790
2 791
2 792
2 795
2 796
2 797
2 798
2 799
2 800
2 801
2 802
2 803
2 804
2 805
2 806
2 814
2 815
2 816
2 817
2 818
2 819
2 820
2 821
2 822
2 823
2 824
2 825
2 826
2 827
2 828
2 829
2 830
2 835
2 836
2 837
2 838
2 839
2 841
2 847
2 848
2 849
2 850
2 851
2 852
2 872
2 873
2 874
2 875
2 876
2 877
2 878
2 879
2 880
2 881
2 882
2 883
2 895
2 896
2 897
2 898
2 899
2 900
2 901
2 908
2 909
2 910
2 911
2 912
2 913
2 914
2 915
2 916
2 917
2 932
2 933
2 934
2 935
2 936
2 937
2 938
2 939
2 940
2 941
2 942
2 943
2 944
2 945
2 946
2 947
2 948
2 949
2 1009
2 1010
2 1011
2 1012
2 1013
2 1014
2 1015
2 1016
2 1017
2 1018
3 2
4 2
4 13
4 531
5 2
5 16
5 18
5 20
6 2
6 16
6 19
6 21
6 22
6 23
6 24
6 25
6 26
6 27
6 28
6 29
6 30
6 31
6 32
6 33
6 34
6 35
6 36
6 37
6 38
6 39
6 40
6 41
6 42
6 43
6 44
6 45
6 46
6 47
6 48
6 49
6 50
6 51
6 52
6 53
6 55
6 56
6 57
6 58
6 59
6 60
6 61
6 62
6 63
6 64
6 65
6 67
6 68
6 70
6 71
6 72
6 73
6 74
6 75
6 76
6 77
6 78
6 79
6 80
6 81
6 82
6 83
6 84
6 85
6 86
6 87
6 88
6 89
6 90
6 93
6 94
6 95
6 96
6 97
6 98
6 99
6 101
6 102
6 103
6 104
6 105
7 2
7 57
7 124
7 125
7 132
7 135
7 136
7 141
7 142
7 143
7 144
7 148
7 150
7 155
7 156
7 157
7 158
7 159
7 160
7 161
7 162
7 163
7 169
7 170
7 171
8 2
8 125
8 127
8 130
8 132
8 134
8 137
8 148
8 170
8 173
8 174
8 272
8 279
9 2
9 56
9 127
9 132
9 133
9 136
9 137
9 139
9 178
9 179
9 206
9 207
9 235
9 236
9 238
9 243
9 247
9 248
9 254
9 257
9 258
9 261
9 262
9 263
9 264
9 265
9 268
9 269
9 270
9 273
9 278
9 297
9 305
9 306
9 321
9 325
9 327
9 329
9 348
9 360
9 371
9 378
9 382
9 384
9 393
9 408
9 409
9 422
9 423
9 424
9 426
9 430
9 434
9 435
9 443
9 444
9 445
9 453
9 457
9 458
9 462
9 469
9 480
9 489
9 510
9 518
9 520
9 524
9 525
9 567
9 578
9 580
9 595
9 659
9 686
9 749
9 753
10 2
10 117
10 175
10 215
11 2
11 127
11 130
11 132
11 134
11 136
11 137
11 138
11 139
11 140
11 148
11 154
11 170
11 171
11 207
11 235
11 237
11 238
11 239
11 240
11 242
11 244
11 245
11 246
11 249
11 253
11 255
11 256
11 258
11 259
11 260
11 262
11 263
11 267
11 271
11 272
11 273
11 274
11 275
11 276
11 277
11 279
11 280
11 284
11 288
11 289
11 290
11 292
11 293
11 294
11 295
11 296
11 297
11 298
11 299
11 300
11 301
11 302
11 304
11 305
11 306
11 307
11 308
11 309
11 311
11 312
11 313
11 314
11 315
11 316
11 317
11 320
11 322
11 323
11 324
11 326
11 328
11 329
11 334
11 335
11 337
11 338
11 348
11 349
11 350
11 351
11 352
11 355
11 356
11 357
11 358
11 359
11 360
11 361
11 371
11 372
11 375
11 377
11 379
11 380
11 381
11 388
11 389
11 390
11 391
11 392
11 394
11 406
11 407
11 408
11 409
11 410
11 412
11 416
11 425
11 429
11 454
11 456
11 459
11 461
11 463
11 467
11 473
11 474
11 475
11 476
11 481
11 482
11 493
11 494
11 497
11 498
11 501
11 504
11 508
11 509
11 519
11 528
12 3
13 3
13 30
13 206
13 227
13 989
13 990
13 991
13 992
13 996
13 997
13 998
13 999
13 1000
13 1001
13 1002
13 1003
13 1004
14 4
14 5
15 6
15 7
16 8
16 21
17 9
17 10
18 11
19 12
20 12
21 12
21 66
22 12
22 16
22 69
22 180
22 183
22 186
22 191
22 193
22 194
22 195
22 196
22 197
22 203
22 204
22 205
22 208
22 209
22 210
22 211
22 214
22 216
22 217
22 218
22 219
22 220
22 221
22 222
22 231
22 232
22 233
22 234
22 330
22 331
22 332
22 339
22 340
22 341
22 342
22 343
22 344
22 345
22 346
22 347
22 353
22 354
22 376
22 397
22 398
22 399
22 400
22 401
22 402
22 403
22 404
22 419
22 420
22 439
22 440
22 441
22 442
22 446
22 465
22 466
22 505
22 513
22 533
22 536
22 537
22 543
22 544
22 545
22 547
22 555
22 556
22 557
22 558
22 569
22 570
22 572
22 605
22 622
22 632
22 635
22 638
22 639
22 640
22 642
22 647
22 648
22 665
22 675
22 676
22 677
22 678
22 679
22 680
22 682
22 683
22 706
22 707
22 708
22 713
22 714
22 719
22 722
22 723
22 724
22 733
22 734
22 735
22 760
22 761
22 762
22 776
22 777
22 793
22 794
22 810
22 811
22 812
22 813
22 834
22 840
22 842
22 843
22 845
22 856
22 857
22 858
22 859
22 860
22 861
22 862
22 863
22 864
22 865
22 866
22 867
22 868
22 869
22 870
22 871
22 885
22 886
22 887
22 904
22 905
22 906
22 922
22 923
22 951
22 952
22 953
22 954
22 955
22 956
22 957
22 962
22 963
22 966
22 969
22 970
22 971
22 972
22 973
22 976
22 977
22 978
22 979
22 980
22 983
22 984
22 988
23 14
23 15
24 16
25 17
25 21
26 18
26 20
26 28
26 100
26 101
26 110
27 20
27 58
28 20
29 44
29 78
29 79
29 538
30 56
30 85
30 92
30 113
30 125
30 126
30 127
30 129
30 130
30 132
30 133
30 134
30 136
30 137
30 138
30 139
30 140
30 142
30 148
30 154
30 170
30 171
30 175
30 235
30 236
30 237
30 238
30 239
30 240
30 242
30 243
30 244
30 245
30 246
30 247
30 248
30 249
30 250
30 253
30 254
30 255
30 256
30 257
30 258
30 259
30 260
30 261
30 262
30 263
30 264
30 265
30 266
30 267
30 268
30 269
30 270
30 271
30 272
30 273
30 274
30 275
30 276
30 277
30 278
30 279
30 280
30 284
30 287
30 288
30 289
30 290
30 292
30 293
30 294
30 295
30 296
30 297
30 298
30 299
30 300
30 301
30 302
30 303
30 304
30 305
30 306
30 307
30 308
30 309
30 310
30 311
30 312
30 313
30 314
30 315
30 316
30 317
30 318
30 320
30 321
30 322
30 323
30 324
30 325
30 326
30 327
30 328
30 329
30 334
30 335
30 336
30 337
30 338
30 348
30 349
30 350
30 351
30 352
30 355
30 356
30 357
30 358
30 359
30 360
30 361
30 369
30 370
30 371
30 372
30 373
30 374
30 375
30 377
30 378
30 379
30 380
30 381
30 382
30 383
30 384
30 388
30 389
30 390
30 391
30 392
30 393
30 394
30 395
30 405
30 406
30 407
30 408
30 409
30 410
30 411
30 412
30 413
30 414
30 415
30 416
30 422
30 423
30 424
30 425
30 426
30 428
30 429
30 430
30 431
30 432
30 433
30 434
30 435
30 443
30 444
30 445
30 450
30 451
30 452
30 453
30 454
30 455
30 456
30 457
30 458
30 459
30 460
30 461
30 462
30 463
30 464
30 467
30 468
30 469
30 471
30 473
30 474
30 475
30 476
30 477
30 479
30 480
30 481
30 482
30 483
30 489
30 490
30 491
30 492
30 493
30 494
30 497
30 498
30 499
30 500
30 501
30 502
30 503
30 504
30 506
30 507
30 508
30 509
30 510
30 511
30 516
30 517
30 518
30 519
30 520
30 521
30 522
30 523
30 524
30 525
30 526
30 527
30 528
30 529
30 534
30 549
30 550
30 551
30 552
30 553
30 554
30 559
30 560
30 561
30 562
30 563
30 564
30 565
30 566
30 567
30 568
30 571
30 576
30 577
30 578
30 579
30 580
30 588
30 589
30 590
30 591
30 592
30 593
30 594
30 595
30 596
30 597
30 598
30 599
30 600
30 601
30 606
30 607
30 608
30 609
30 610
30 611
30 612
30 613
30 614
30 615
30 617
30 618
30 619
30 620
30 621
30 652
30 653
30 654
30 655
30 656
30 657
30 658
30 659
30 666
30 667
30 668
30 669
30 670
30 671
30 672
30 673
30 684
30 685
30 686
30 687
30 688
30 689
30 690
30 691
30 692
30 693
30 696
30 697
30 698
30 699
30 700
30 701
30 702
30 703
30 704
30 705
30 715
30 716
30 725
30 726
30 727
30 728
30 729
30 745
30 746
30 747
30 748
30 749
30 750
30 751
30 752
30 753
30 754
30 755
30 756
30 757
30 758
30 765
30 766
30 767
30 768
30 769
30 770
30 771
30 778
30 779
30 780
30 781
30 782
30 783
30 784
30 785
30 786
30 787
30 788
30 789
30 790
30 791
30 792
30 795
30 796
30 797
30 798
30 799
30 800
30 801
30 802
30 804
30 805
30 806
30 814
30 815
30 816
30 817
30 818
30 819
30 820
30 821
30 822
30 823
30 824
30 825
30 826
30 827
30 828
30 829
30 830
30 835
30 836
30 837
30 838
30 839
30 847
30 848
30 849
30 850
30 851
30 852
30 872
30 873
30 874
30 875
30 876
30 877
30 878
30 879
30 880
30 881
30 882
30 883
30 895
30 896
30 897
30 898
30 899
30 900
30 901
30 908
30 909
30 910
30 911
30 912
30 913
30 914
30 915
30 916
30 917
30 932
30 933
30 934
30 935
30 936
30 937
30 938
30 939
30 940
30 941
30 942
30 943
30 944
30 945
30 946
30 947
30 948
30 949
30 986
30 987
30 1005
30 1006
30 1007
30 1009
30 1010
30 1011
30 1012
30 1013
30 1014
30 1015
30 1016
30 1017
30 1018
30 1042
30 1043
30 1044
30 1045
30 1046
30 1047
30 1048
30 1049
30 1050
30 1051
30 1052
30 1053
30 1054
30 1055
31 57
32 58
32 91
32 92
33 58
34 58
35 78
36 79
37 85
37 92
37 126
37 127
37 129
37 130
37 132
37 134
37 136
37 138
37 139
37 140
37 142
37 148
37 170
37 171
37 235
37 236
37 237
37 238
37 239
37 240
37 242
37 243
37 244
37 245
37 246
37 247
37 249
37 250
37 253
37 254
37 255
37 256
37 257
37 258
37 259
37 260
37 261
37 262
37 263
37 264
37 265
37 266
37 267
37 268
37 269
37 270
37 271
37 272
37 273
37 274
37 275
37 276
37 277
37 278
37 279
37 280
37 284
37 288
37 289
37 290
37 292
37 293
37 294
37 295
37 296
37 297
37 298
37 300
37 301
37 302
37 303
37 304
37 305
37 306
37 307
37 308
37 310
37 312
37 313
37 314
37 315
37 316
37 317
37 318
37 320
37 321
37 322
37 323
37 324
37 325
37 326
37 327
37 328
37 329
37 334
37 335
37 336
37 337
37 338
37 348
37 349
37 350
37 351
37 352
37 355
37 356
37 357
37 358
37 359
37 360
37 361
37 370
37 374
37 375
37 377
37 378
37 379
37 380
37 381
37 382
37 383
37 384
37 388
37 389
37 390
37 391
37 392
37 393
37 394
37 405
37 406
37 407
37 408
37 409
37 410
37 413
37 414
37 415
37 416
37 423
37 424
37 425
37 426
37 429
37 430
37 434
37 435
37 452
37 454
37 455
37 456
37 457
37 458
37 459
37 460
37 461
37 463
37 464
37 467
37 469
37 471
37 473
37 474
37 475
37 476
37 477
37 479
37 481
37 482
37 483
37 489
37 490
37 492
37 493
37 494
37 497
37 498
37 501
37 502
37 503
37 504
37 508
37 509
37 510
37 511
37 512
37 516
37 517
37 518
37 519
37 520
37 521
37 522
37 523
37 524
37 525
37 526
37 527
37 528
37 529
37 534
37 549
37 550
37 551
37 552
37 553
37 554
37 559
37 560
37 561
37 562
37 563
37 564
37 565
37 566
37 567
37 568
37 571
37 576
37 577
37 578
37 579
37 580
37 588
37 589
37 590
37 591
37 593
37 594
37 595
37 597
37 599
37 600
37 601
37 606
37 607
37 608
37 609
37 610
37 611
37 612
37 613
37 614
37 615
37 617
37 618
37 619
37 621
37 652
37 655
37 658
37 667
37 668
37 669
37 670
37 671
37 672
37 684
37 687
37 690
37 693
37 696
37 697
37 698
37 699
37 700
37 701
37 702
37 703
37 704
37 705
37 725
37 726
37 727
37 729
37 745
37 748
37 751
37 754
37 756
37 757
37 758
37 768
37 770
37 771
37 778
37 780
37 781
37 782
37 785
37 786
37 787
37 788
37 789
37 791
37 792
37 795
37 796
37 797
37 798
37 799
37 800
37 801
37 802
37 804
37 805
37 806
37 815
37 816
37 817
37 818
37 819
37 820
37 821
37 823
37 826
37 827
37 829
37 830
37 835
37 836
37 837
37 838
37 839
37 847
37 848
37 849
37 850
37 851
37 852
37 872
37 877
37 878
37 879
37 880
37 881
37 882
37 883
37 895
37 896
37 897
37 898
37 899
37 900
37 901
38 97
38 709
38 710
38 711
38 712
38 956
38 957
38 984
39 100
39 101
39 417
39 418
40 106
40 114
41 107
42 108
42 109
42 119
42 175
42 177
43 111
43 112
44 115
45 115
45 268
45 270
45 272
45 294
45 356
45 409
45 445
45 527
45 563
45 564
45 601
45 615
45 644
45 645
45 666
45 789
45 795
45 798
45 805
45 814
45 817
46 116
47 118
47 122
48 119
48 120
48 121
48 177
48 180
49 119
50 119
51 123
51 333
52 126
52 127
52 128
52 129
52 130
52 131
53 126
54 126
54 130
54 132
54 133
54 134
54 148
54 237
54 253
54 255
54 256
54 258
54 259
54 260
54 263
54 273
54 274
54 275
54 290
54 301
54 302
54 313
54 314
54 317
54 318
54 320
54 323
54 324
54 326
54 328
54 329
54 335
54 348
54 349
54 350
54 352
54 356
54 369
54 370
54 371
54 372
54 375
54 377
54 379
54 380
54 388
54 394
54 395
54 406
54 409
54 410
54 413
54 414
54 429
54 432
54 434
54 454
54 455
54 459
54 461
54 463
54 464
54 467
54 482
54 483
54 494
54 506
54 508
54 509
54 511
54 518
54 520
54 522
54 525
54 527
54 528
54 549
54 550
54 551
54 552
54 553
54 554
54 559
54 563
54 564
54 566
54 567
54 568
54 576
54 577
54 578
54 579
54 580
54 589
54 590
54 594
54 598
54 599
54 606
54 607
54 609
54 612
54 613
54 618
54 619
54 620
54 621
54 653
54 656
54 672
54 673
54 687
54 688
54 689
54 690
54 696
54 697
54 698
54 700
54 701
54 702
54 703
54 704
54 705
54 745
54 748
54 750
54 754
54 755
54 756
54 757
54 767
54 768
54 769
54 771
54 778
54 779
54 780
54 784
54 788
54 795
54 802
54 804
54 814
54 815
54 816
54 818
54 819
54 823
54 829
54 830
54 836
54 838
54 848
54 849
54 850
54 851
54 872
54 878
54 879
54 882
54 897
54 898
54 900
54 908
54 914
54 915
54 917
54 932
54 934
54 935
54 936
54 939
54 943
54 944
54 945
54 946
54 947
54 948
54 949
54 987
54 1009
54 1011
54 1012
54 1013
54 1014
54 1015
54 1016
54 1042
54 1043
54 1045
54 1051
54 1055
55 126
55 136
55 170
55 253
55 258
55 259
55 261
55 264
55 265
55 272
55 274
55 275
55 277
55 289
55 296
55 311
55 314
55 315
55 317
55 318
55 321
55 322
55 325
55 326
55 328
55 351
55 352
55 355
55 358
55 361
55 378
55 388
55 390
55 406
55 409
55 411
55 426
55 429
55 432
55 453
55 457
55 459
55 460
55 463
55 464
55 467
55 483
55 493
55 508
55 509
55 526
55 527
55 528
55 549
55 553
55 554
55 560
55 563
55 564
55 565
55 566
55 567
55 568
55 571
55 581
55 590
55 595
55 597
55 598
55 599
55 608
55 610
55 611
55 612
55 613
55 614
55 659
55 670
55 684
55 687
55 691
55 698
55 699
55 701
55 705
55 747
55 748
55 754
55 756
55 758
55 770
55 784
55 789
55 799
55 804
55 805
55 806
55 815
55 818
55 819
55 823
55 837
55 872
55 873
55 874
55 876
55 879
55 880
55 883
55 896
55 900
55 933
55 935
55 941
55 943
55 949
55 1011
55 1013
55 1015
55 1016
55 1017
55 1042
55 1043
55 1045
55 1046
55 1048
55 1049
55 1050
55 1051
55 1052
55 1053
55 1054
55 1055
56 127
56 130
56 134
56 136
56 140
56 148
56 170
56 207
56 235
56 237
56 240
56 242
56 244
56 249
56 253
56 255
56 256
56 258
56 259
56 260
56 262
56 266
56 271
56 272
56 273
56 274
56 275
56 276
56 277
56 279
56 280
56 288
56 289
56 290
56 292
56 294
56 295
56 296
56 297
56 299
56 303
56 304
56 305
56 313
56 314
56 316
56 317
56 322
56 323
56 324
56 326
56 328
56 329
56 334
56 335
56 336
56 337
56 338
56 348
56 349
56 350
56 352
56 355
56 356
56 357
56 358
56 360
56 369
56 371
56 372
56 374
56 377
56 379
56 380
56 381
56 383
56 388
56 389
56 390
56 391
56 394
56 395
56 405
56 406
56 407
56 408
56 409
56 410
56 413
56 416
56 425
56 429
56 434
56 452
56 456
56 463
56 464
56 467
56 471
56 481
56 491
56 492
56 493
56 494
56 499
56 502
56 503
56 504
56 508
56 509
56 511
56 523
56 524
56 525
56 526
56 527
56 528
56 534
56 549
56 550
56 551
56 554
56 563
56 564
56 565
56 566
56 567
56 576
56 577
56 579
56 580
56 588
56 591
56 593
56 594
56 596
56 597
56 598
56 599
56 600
56 601
56 606
56 607
56 608
56 609
56 610
56 611
56 612
56 613
56 614
56 615
56 617
56 618
56 619
56 620
56 621
56 656
56 666
56 667
56 669
56 670
56 671
56 672
56 673
56 684
56 700
56 701
56 756
56 783
57 127
57 129
57 130
57 132
57 134
57 136
57 137
57 138
57 139
57 140
57 148
57 154
57 170
57 235
57 237
57 238
57 239
57 240
57 242
57 244
57 245
57 246
57 249
57 250
57 253
57 255
57 256
57 258
57 259
57 260
57 262
57 263
57 266
57 267
57 271
57 272
57 273
57 274
57 275
57 276
57 277
57 279
57 280
57 284
57 288
57 289
57 290
57 292
57 293
57 294
57 295
57 296
57 297
57 298
57 299
57 300
57 301
57 302
57 303
57 304
57 305
57 306
57 307
57 308
57 310
57 311
57 313
57 314
57 315
57 316
57 317
57 318
57 320
57 322
57 323
57 324
57 326
57 328
57 329
57 334
57 335
57 336
57 337
57 338
57 348
57 349
57 350
57 351
57 352
57 355
57 356
57 358
57 359
57 360
57 361
57 369
57 371
57 372
57 373
57 377
57 379
57 380
57 381
57 383
57 384
57 388
57 389
57 390
57 391
57 392
57 393
57 394
57 395
57 405
57 406
57 407
57 408
57 409
57 410
57 411
57 413
57 414
57 415
57 416
57 425
57 429
57 432
57 434
57 452
57 454
57 455
57 456
57 459
57 460
57 461
57 463
57 464
57 467
57 471
57 473
57 474
57 475
57 476
57 477
57 481
57 482
57 483
57 492
57 494
57 497
57 498
57 500
57 501
57 502
57 503
57 504
57 506
57 508
57 509
57 511
57 518
57 520
57 521
57 522
57 525
57 526
57 527
57 528
57 529
57 534
57 549
57 550
57 551
57 552
57 553
57 554
57 559
57 560
57 562
57 563
57 564
57 565
57 566
57 567
57 568
57 571
57 576
57 577
57 578
57 579
57 580
57 588
57 589
57 591
57 592
57 593
57 594
57 596
57 597
57 598
57 599
57 600
57 601
57 606
57 607
57 608
57 609
57 610
57 611
57 612
57 613
57 614
57 615
57 617
57 618
57 619
57 620
57 621
57 653
57 654
57 656
57 657
57 666
57 667
57 668
57 669
57 670
57 671
57 672
57 673
57 684
57 685
57 687
57 688
57 689
57 690
57 691
57 693
57 696
57 697
57 698
57 699
57 702
57 703
57 704
57 705
57 725
57 745
57 748
57 750
57 751
57 754
57 755
57 756
57 758
57 765
57 767
57 768
57 769
57 770
57 771
57 778
57 779
57 780
57 781
57 782
57 783
57 784
57 785
57 786
57 787
57 788
57 789
57 790
57 791
57 792
57 795
57 796
57 797
57 798
57 799
57 800
57 801
57 804
57 805
57 806
57 814
57 815
57 816
57 817
57 818
57 819
57 820
57 821
57 822
57 823
57 824
57 825
57 826
57 827
57 828
57 829
57 830
57 835
57 836
57 837
57 838
57 839
57 847
57 848
57 849
57 850
57 852
57 872
57 877
57 878
57 879
57 881
57 882
57 895
57 896
57 897
57 898
57 899
57 900
57 901
57 908
57 909
57 910
57 911
57 912
57 913
57 914
57 916
57 917
57 932
57 934
57 935
57 936
57 937
57 938
57 939
57 940
57 941
57 942
57 943
57 944
57 945
57 946
57 947
57 948
57 949
57 987
57 1009
57 1010
57 1011
57 1012
57 1013
57 1014
57 1015
57 1016
57 1017
57 1018
58 127
58 130
58 132
58 138
58 140
58 235
58 239
58 243
58 244
58 247
58 253
58 255
58 256
58 257
58 258
58 259
58 262
58 264
58 266
58 272
58 273
58 274
58 279
58 303
58 316
58 317
58 320
58 324
58 325
58 327
58 329
58 334
58 335
58 337
58 348
58 349
58 351
58 352
58 356
58 357
58 358
58 359
58 372
58 378
58 380
58 381
58 383
58 389
58 391
58 410
58 412
58 416
58 422
58 426
58 445
58 452
58 453
58 454
58 457
58 458
58 459
58 460
58 471
58 474
58 476
58 479
58 481
58 492
58 508
58 509
58 510
58 526
58 528
58 529
58 534
58 551
58 552
58 553
58 561
58 563
58 564
58 565
58 568
58 576
58 580
58 594
58 595
58 596
58 598
58 606
58 608
58 612
58 617
58 619
58 655
58 659
58 673
58 684
58 685
58 687
58 688
58 690
58 696
58 702
58 704
58 727
58 745
58 748
58 754
58 755
58 765
58 767
58 771
58 797
58 798
58 799
58 800
58 802
58 806
58 815
58 816
58 817
58 818
58 820
58 822
58 823
58 825
58 826
58 827
58 829
58 830
58 835
58 839
58 848
58 895
58 896
58 901
58 909
58 911
58 913
58 914
58 932
58 935
58 936
58 939
58 940
58 948
58 987
59 129
59 953
59 955
60 134
60 140
61 168
62 172
62 176
63 175
64 175
64 543
64 718
65 175
65 730
65 731
66 175
67 175
67 451
67 1041
68 181
69 182
70 184
70 185
70 187
70 188
70 189
70 190
70 192
70 198
70 199
70 200
70 201
70 213
71 202
72 206
73 212
74 223
75 224
75 225
75 226
76 224
76 386
76 387
77 225
77 226
78 227
79 228
80 236
80 247
80 254
80 257
80 261
80 264
80 265
80 269
80 270
80 278
80 321
80 325
80 327
80 355
80 378
80 382
80 422
80 453
80 458
80 462
80 469
80 659
81 248
81 445
81 715
81 986
81 987
81 1005
81 1006
81 1007
81 1019
82 248
82 422
83 251
84 252
85 264
86 278
87 285
88 291
89 304
89 322
89 552
90 319
91 356
91 411
91 525
91 526
91 563
91 564
91 592
91 655
91 670
91 728
91 729
91 731
91 732
92 362
92 662
93 363
94 364
95 365
96 366
96 367
96 368
96 854
96 855
97 385
98 396
99 404
99 446
99 542
99 582
99 583
99 586
99 587
99 633
99 660
99 661
100 421
100 427
100 446
100 470
101 426
101 530
102 428
103 431
103 462
103 510
103 752
103 873
103 875
104 435
105 451
105 467
105 571
106 451
106 743
106 744
106 759
107 451
108 451
109 451
110 451
110 928
110 929
110 931
110 989
110 990
110 991
110 992
110 993
110 994
110 995
110 996
110 997
110 998
110 999
110 1000
110 1001
110 1002
110 1003
110 1004
111 451
112 451
112 764
113 471
113 499
113 772
113 1042
113 1043
113 1044
113 1045
113 1046
113 1047
113 1048
113 1049
113 1050
113 1051
113 1052
113 1053
113 1054
113 1055
114 484
114 485
114 540
114 557
114 649
114 663
114 664
114 738
114 739
114 740
114 741
115 486
115 487
116 486
116 487
116 887
116 962
116 963
116 974
116 975
116 980
116 983
116 1020
116 1021
116 1033
116 1034
116 1056
116 1057
117 514
117 515
117 532
117 535
117 538
117 574
117 575
117 623
117 643
117 1008
118 514
118 950
119 538
120 539
121 541
122 542
123 546
124 548
125 571
126 572
127 573
128 581
129 581
129 721
130 584
130 585
131 602
132 603
133 604
134 616
134 641
134 646
134 650
134 651
134 674
134 681
134 694
134 717
134 773
134 774
134 809
134 832
135 625
135 626
136 627
136 628
137 629
137 630
138 631
138 742
139 634
140 635
141 636
141 637
142 695
143 720
143 972
143 977
143 981
143 982
144 736
145 737
146 756
147 763
147 775
148 764
149 776
149 964
149 965
149 1059
150 807
150 808
151 813
151 833
151 857
151 1035
151 1036
151 1037
151 1039
152 831
153 833
154 834
154 884
154 886
155 844
156 845
157 846
157 853
158 870
158 871
159 870
159 871
159 956
159 957
160 870
160 871
160 958
160 959
161 888
162 889
162 890
163 891
164 892
165 893
165 924
166 894
167 902
168 903
169 904
169 1058
170 907
171 918
172 919
173 920
173 921
174 925
175 926
176 927
177 951
177 1038
178 960
178 961
179 967
180 968
181 985
182 1022
182 1024
182 1025
182 1026
182 1027
182 1028
182 1029
182 1030
183 1023
184 1031
185 1032
186 1040
